S No.,Value Date,Transaction Date,Cheque Number,Transaction Remarks,Withdrawal Amount (INR ),Deposit Amount (INR ),Balance (INR )
1,03-01-2024,03-01-2024,-,ACH/TPCapfrst IDFC FIRST/ICIC7021905220006443/1327,4000,0,4050
2,04-01-2024,04-01-2024,-,APBS/HPCL LPG SUBSIDY/P012400462E10               ,0,40,4089
3,10-01-2024,10-01-2024,-,UPI/401019863832/Payment from Ph/7794989093@ibl/State Bank Of I/IBLf4b5382d496c,3000,0,1089
4,11-01-2024,11-01-2024,-,MABchgs-Dec23+GST                                 ,590,0,499
5,11-01-2024,11-01-2024,-,UPI/437760641544/UPI/gpaybillpay.rch/Axis Bank Ltd./AXIfe17b1e2f90144308e635fbe,157,0,343
6,12-01-2024,12-01-2024,-,UPI/401256840883/UPI/rlakshyaa@okhdf/State Bank Of I/HDFd70bc6cddf4a4917a8bed7f,0,2000,2343
7,12-01-2024,12-01-2024,-,BIL/INFT/DAG1720433/NA/                           ,2000,0,343
8,20-01-2024,20-01-2024,-,BIL/INFT/DAO3164588/                              ,0,60000,60343
9,20-01-2024,20-01-2024,-,UPI/402015016164/UPI/rlakshyaa@okhdf/State Bank Of I/AXI879e384375714603848548b,5000,0,55343
10,20-01-2024,20-01-2024,-,IPS/RRT ELITE F/202401202229/000000000243/SALEM   ,500,0,54843
11,20-01-2024,20-01-2024,-,ATM/SPCND234/CASH WDL/20-01-24                    ,20000,0,34843
12,20-01-2024,20-01-2024,-,ATM/SPCND234/CASH WDL/20-01-24                    ,20000,0,14843
13,25-01-2024,25-01-2024,-,BIL/INFT/DAT3956793/NA/                           ,2000,0,12843
14,26-01-2024,27-01-2024,-,NFS/CASH WDL/402620004336/18100152/Salem    /26-01,5000,0,7843
15,28-01-2024,29-01-2024,-,UPI/439437186773/UPI/billdesk.electr/ICICI Bank/AXI163d88d4d8764742bcc187e0579a,41,0,7802
16,28-01-2024,29-01-2024,-,UPI/402864392223/in case u neede/subashinitnj@ok/Kotak Mahindra /ICI39adf300525,0,10000,17802
17,29-01-2024,29-01-2024,-,APBS/HPCL LPG SUBSIDY/P012405974E1F               ,0,40,17841
18,29-01-2024,29-01-2024,-,BIL/INFT/DAX4515158/NA/                           ,1000,0,16841
19,29-01-2024,29-01-2024,-,UPI/402919036331/Meesho/cashfreepayout@/Standard Charte/SCBaa5e25995a854f3d9266,0,192,17033
20,31-01-2024,31-01-2024,-,MMT/IMPS/403114744156/NA 506226938/S GEETHA/IDIB00,1000,0,16033
21,31-01-2024,31-01-2024,-,UPI/403193204605/UPI/saiarvind001@ok/State Bank Of I/AXI3e2bd737f84a4bca989a254,3000,0,13033
22,31-01-2024,31-01-2024,-,UPI/403176411624/UPI/saiarvind001@ok/State Bank Of I/AXI272052ef48a24d4f9a47c23,3000,0,10033
23,03-02-2024,03-02-2024,-,ACH/TPCapfrst IDFC ,4000,0,6033
,,,,FIRST/ICIC7021905220006443/1353,,,
24,03-02-2024,03-02-2024,-,RTGS-PUNBR52024020314088322-EVNEW MANAGEMENT CONSULTANCY PRIVAT-307800210001890,0,203760,209793
25,03-02-2024,03-02-2024,-,UPI/403449887312/Payment from Ph/7794989093@ibl/State Bank Of I/IBLdb0c53267cd9,3000,0,206793
26,04-02-2024,05-02-2024,-,ATM/SPCND234/CASH WDL/04-02-24                    ,20000,0,186793
27,04-02-2024,05-02-2024,-,ATM/SPCND234/CASH WDL/04-02-24                    ,20000,0,166793
28,04-02-2024,05-02-2024,-,ATM/SPCND234/CASH WDL/04-02-24                    ,20000,0,146793
29,04-02-2024,05-02-2024,-,UPI/440153893036/UPI/rlakshyaa@okhdf/State Bank Of I/AXI7c617e133c2e489697fa058,10000,0,136793
30,05-02-2024,05-02-2024,-,BIL/INFT/DB56898594/NA/                           ,40000,0,96793
31,05-02-2024,05-02-2024,-,UPI/440292225927/UPI/jayalakshmiasr@/Indian Overseas/AXI80775e1929204f268a6039b,20000,0,76793
32,05-02-2024,05-02-2024,-,ATM/S1CWE218/CASH WDL/05-02-24                    ,20000,0,56793
33,05-02-2024,05-02-2024,-,ATM/S1CWE218/CASH WDL/05-02-24                    ,20000,0,36793
34,12-02-2024,12-02-2024,-,UPI/440997839166/UPI/vinodhanumandla/State Bank Of I/AXIcdae47009aef465bb069290,8000,0,28793
35,12-02-2024,12-02-2024,-,UPI/404371161508/UPI/ziddiarup-5@oka/Axis Bank Ltd./AXId8a1d985a2f447b48934d1de,500,0,28293
36,12-02-2024,12-02-2024,-,UPI/404336963194/UPI/aravinduniforms/IDBI Bank Limit/AXI23575dab4cb14b47933cbbd,10000,0,18293
37,12-02-2024,12-02-2024,-,UPI/404307177793/UPI/jayalakshmiasr@/Indian Overseas/HDFb0cd52a926a241fa8b7a379,0,10000,28293
38,14-02-2024,14-02-2024,-,UPI/404535538399/UPI/sujithkannan565/State Bank Of I/AXI5cd33c0e43e845b1aac4a65,300,0,27993
39,14-02-2024,14-02-2024,-,UPI/404510941734/UPI/sundharaselvaku/HDFC BANK LTD/AXIc4ca112be36f4069ad640962a,400,0,27593
40,15-02-2024,15-02-2024,-,MABchgs-Jan24+GST                                 ,590,0,27003
41,18-02-2024,19-02-2024,-,UPI/441541712342/UPI/billdesk.electr/ICICI Bank/AXIf997be5d466144da848676cc5598,2686,0,24317
42,18-02-2024,19-02-2024,-,UPI/441552709727/UPI/billdesk.electr/ICICI Bank/AXI73b016eabfa64e67a497f6ccadad,1617,0,22700
43,19-02-2024,19-02-2024,-,UPI/441610566127/Ramesh/aesalem06@oksbi/HDFC BANK LTD/AXIfb7aff43271045ea915bae,330,0,22370
44,20-02-2024,20-02-2024,-,UPI/405170097848/UPI/jayalakshmiasr@/Indian Overseas/HDFb69d7c341ad844ed8e0e4c1,0,1500,23870
45,20-02-2024,20-02-2024,-,UPI/405197388350/UPI/ungalsasitravel/Indian Bank/AXI8edabb7be7c940cbac74bdd0460,1200,0,22670
46,21-02-2024,21-02-2024,-,UPI/405258738693/UPI/shivapeoplefoun/Kotak Mahindra /AXI4b6f7bc087a94388825f301,1000,0,21670
47,22-02-2024,22-02-2024,-,UPI/405323773724/UPI/saiarvind001@ok/State Bank Of I/AXI8756b2d220e046c4b8f8ea9,3000,0,18670
48,23-02-2024,23-02-2024,-,UPI/442025415279/UPI/Akshay Kumar/State Bank Of I/AXIcc87fbe144a843df87e5ade52c,1000,0,17670
49,23-02-2024,23-02-2024,-,UPI/405420418995/UPI/VIKARANT SENGAR/Indian Overseas/AXI4d210fa9c07b4d20b5b5ec0,4000,0,13670
50,23-02-2024,23-02-2024,-,UPI/405418759542/MandateExecute/Google Play/Axis Bank Ltd./AXI8529ad2a025e47298,2,0,13668
51,23-02-2024,23-02-2024,-,UPI/405418763852/UPI/Google ,0,2,13670
,,,,Play/Axis Bank Ltd./AXI11840de3b3524afd8e7d2eb251af,,,
52,27-02-2024,27-02-2024,-,DMC/IN30267934964366 DP CHGS TILL JAN-24          ,826,0,12844
53,01-03-2024,01-03-2024,-,UPI/406150021037/UPI/SELVAKUMARAN S/HDFC BANK LTD/AXI1800886236d6426ab5c743466f,400,0,12444
54,01-03-2024,01-03-2024,-,UPI/442773027453/UPI/RAMANATHAN S/State Bank Of I/AXI9bbff405e2eb4d60a8fad9e7c2,400,0,12044
55,01-03-2024,01-03-2024,-,UPI/442717331605/UPI/DUMMY NAME/ICICI Bank/AXI690e,9000,0,3044
56,01-03-2024,01-03-2024,-,UPI/442720315179/UPI/JAYALAKSHMI RAM/Indian Overseas/ICIce920e79b7174d00b53c883,0,1000,4044
57,02-03-2024,02-03-2024,-,NEFT-CIUBH24062057547-SIVA  S-/ATTN/-0000200100162,0,25000,29044
58,02-03-2024,02-03-2024,-,UPI/406213444648/Payment from Ph/Mr SIVA S/City Union Bank/IBL57928dbcf84e47069,25000,0,4044
59,03-03-2024,04-03-2024,-,ACH/TPCapfrst IDFC FIRST/ICIC7021905220006443/1375,4000,0,44
60,03-03-2024,04-03-2024,-,UPI/406335998367/UPI/YASEEN S/Bank of India/ICI068,0,1100,1144
61,03-03-2024,04-03-2024,-,UPI/406354321273/UPI/Jio Postpaid Bi/Paytm Payment,1060,0,84
62,14-03-2024,14-03-2024,-,MABchgs-Feb24+GST                                 ,84,0,0
63,23-03-2024,23-03-2024,-,UPI/444987166563/UPI/yaseenslm86@oki/Bank of India/ICI987900eb4eb64a0891f7d0548,0,10000,10000
64,23-03-2024,23-03-2024,-,UPI/408339524513/Ramesh/jannatunishan@o/NSDL Payments B/AXIa63a3a788cfd4327b6cb,10000,0,0
65,27-03-2024,27-03-2024,-,RTGS-HDFCR52024032792499710-KRISHNA ENTERPRISE-502,0,206180,206180
66,27-03-2024,27-03-2024,-,UPI/445355480633/UPI/rlakshyaa@okhdf/State Bank Of I/AXI8a256823a44e4e979af3682,10000,0,196180
67,27-03-2024,27-03-2024,-,UPI/445392086909/UPI/DUMMY NAME/ICICI Bank/AXIa4de,3000,0,193180
68,27-03-2024,27-03-2024,-,UPI/408742788650/UPI/chemnpsiva-4@ok/Axis Bank Ltd./AXIb2a6e0d0b5384dd4939728c9,5000,0,188180
69,27-03-2024,27-03-2024,-,UPI/445319690539/UPI/BOOPATHI C/Karur Vysya Ban/AXI639ff7f27d3e4a78998cd66767b8,50000,0,138180
70,27-03-2024,27-03-2024,-,UPI/408701795617/UPI/gpaybillpay.ele/Axis Bank Ltd./AXI26e58f72f5ff466dadf99513,50,0,138130
71,27-03-2024,27-03-2024,-,UPI/445351994696/UPI/yaseenslm86@oki/Bank of India/AXI61419c15781b4a73b95817b26,10000,0,128130
72,28-03-2024,28-03-2024,-,UPI/408802839788/Anirudh Karthic/dineshbalaji555/Indian Overseas/AXI028c430ffbc,5000,0,123130
73,28-03-2024,28-03-2024,-,UPI/445493854733/UPI/jayalakshmiasr@/Indian Overseas/AXIc0c7367ff20c40f1941f89c,20000,0,103130
74,29-03-2024,29-03-2024,-,UPI/445578673741/UPI/paytm-53817591@/Yes Bank Ltd/,1060.82,0,102069
75,29-03-2024,29-03-2024,-,UPI/445506699392/UPI/RAJENDRAN A/ICICI Bank/AXI8c4,40000,0,62069
76,29-03-2024,30-03-2024,-,020101507286:Int.Pd:30-12-2023 to 29-03-2024      ,0,125,62194
77,30-03-2024,30-03-2024,-,UPI/409063617598/UPI/RAJENDRAN A/ICICI Bank/AXI3b3,40000,0,22194
78,30-03-2024,30-03-2024,-,UPI/409000659755/UPI/RAJENDRAN A/ICICI Bank/AXI838,10000,0,12194
79,02-04-2024,02-04-2024,-,UPI/409395935168/UPI/ungalsasitravel/Indian Bank/AXIcb0fe21b1030446a80ec14687ec,300,0,11894
80,02-04-2024,02-04-2024,-,UPI/445981146941/Payment from Ph/7794989093-2@yb/Union Bank of I/IBLbeaaf3e5582,3000,0,8894
81,02-04-2024,02-04-2024,-,UPI/409397638176/UPI/rajam16987@okhd/State Bank Of I/AXI6689673e8b5d4ff2914677d,3000,0,5894
82,13-04-2024,13-04-2024,-,UPL/447047503504/UPI/1921681220010900217129864255 4340618/ICICI Bank/AXI0492306,50,0,5844
83,15-04-2024,15-04-2024,-,UPI/410699500327/UPI/paytm-jiomobili/Yes Bank Ltd/,209,0,5635
84,18-04-2024,18-04-2024,-,MABchgs-Mar24+GST                                 ,590,0,5045
85,18-04-2024,18-04-2024,-,UPI/410902466536/UPI/ungalsasitravel/Indian Bank/AXI9e68740ad4c0464aa1ad016bf7d,200,0,4845
86,19-04-2024,19-04-2024,-,UPI/447654100141/UPI/rlakshyaa@okhdf/State Bank Of I/AXI858ec42cae35401ea4f6c35,3000,0,1845
87,24-04-2024,24-04-2024,-,UPI/411539956287/UPI/santhoshvijay21/IDBI Bank Limit/AXIee810e64e9b047f2af419f9,720,0,1125
88,24-04-2024,24-04-2024,-,APBS/HPCL LPG SUBSIDY/P042404F014DF               ,0,40,1165
89,25-04-2024,25-04-2024,-,NEFT-SBIN324116397973-DAKSH ENTERPRISE-/ATTN//INB-,0,382500,383665
90,25-04-2024,25-04-2024,-,UPI/448296304963/UPI/DUMMY NAME/ICICI Bank/AXI5727,10000,0,373665
91,25-04-2024,25-04-2024,-,UPI/448235504875/UPI/rlakshyaa@okhdf/State Bank Of I/AXIb32b13ebfd9d4c679201776,20000,0,353665
92,25-04-2024,25-04-2024,-,UPI/411699305100/UPI/jayalakshmiasr@/Indian Overseas/AXIe7b91948211a47cf9a426ed,20000,0,333665
93,25-04-2024,25-04-2024,-,UPI/448262904428/UPI/saiarvind001@ok/State Bank Of I/AXI290fb07eaf1f4c718a7d11f,6000,0,327665
94,27-04-2024,27-04-2024,-,UPI/411840588150/UPI/jayalakshmiasr@/Indian Overseas/AXI08e7599a54a144feb61a42e,20000,0,307665
95,27-04-2024,27-04-2024,-,UPI/411840588181/UPI/rlakshyaa@okhdf/State Bank Of I/AXI2c227ce19e144723834fcca,30000,0,277665
96,27-04-2024,27-04-2024,-,UPI/448485090669/Payment from Ph/talentprincer14/State Bank Of I/YBLa4dbbf86208,0,5000,282665
97,29-04-2024,29-04-2024,-,UPI/448661875189/UPI/manipaluniversi/Axis Bank Ltd./AXIc683626ea90349bd97d74036,500,0,282165
98,29-04-2024,29-04-2024,-,UPI/412071472487/UPI/billdesk.electr/ICICI Bank/AXI57c24974dbee4a79975f0f4a1de9,3614,0,278551
99,29-04-2024,29-04-2024,-,UPI/448695468881/UPI/gpaybillpay.ele/Axis Bank Ltd./AXIf771e4638f0c4035986f37c0,5650,0,272901
100,29-04-2024,29-04-2024,-,UPI/448695993377/Payment from Ph/7794989093-2@yb/Union Bank of I/IBL141795bf622,9000,0,263901
101,30-04-2024,30-04-2024,-,UPI/448754323116/UPI/jayalakshmiasr@/Indian Overseas/AXI5a0ac5e6fc2e425e9607ae1,30000,0,233901
102,30-04-2024,30-04-2024,-,UPI/412199063838/UPI/ssureshp079@oki/Indian Bank/AXIcf473f194341449e98944175379,1000,0,232901
103,01-05-2024,01-05-2024,-,UPI/448867987249/UPI/ssureshp079@oki/Indian Bank/AXI449adbbfb1ec46b1b502c550db8,500,0,232401
104,01-05-2024,01-05-2024,-,UPI/412254201373/UPI/subashinitnj@ok/Kotak Mahindra /AXIbd53ffaf8b9f4efeae1715e,25000,0,207401
105,01-05-2024,01-05-2024,-,UPI/448874003380/UPI/paytm-53817591@/Yes Bank Ltd/,1060.82,0,206340
106,02-05-2024,02-05-2024,-,UPI/412368326912/UPI/DUMMY NAME/ICICI Bank/AXI89b8,3000,0,203340
107,02-05-2024,02-05-2024,-,UPI/448950149197/Amazon Prime Re/amazonupi@apl/Axis Bank Ltd./APL018f37be178efc,1499,0,201841
108,02-05-2024,02-05-2024,-,UPI/448963356003/UPI/kamalrajan1990-/Kotak Mahindra /AXI2e7efa81be7e45919600b51,10000,0,191841
109,02-05-2024,02-05-2024,-,UPI/448933659311/Ramesh/aesale,330,0,191511
,,,,m06@oksbi/HDFC BANK LTD/AXI325549ced9764abc9a046f,,,
110,02-05-2024,02-05-2024,-,UPI/412309775554/UPI/jayalakshmiasr@/Indian Overseas/AXI94f8a3b72ec345a1b9db177,20000,0,171511
111,04-05-2024,06-05-2024,-,UPI/449101985415/Payment from Ph/8489525850@ybl/Indian Bank/YBL1b1aa619e7cf4f95,0,3500,175011
112,05-05-2024,06-05-2024,-,UPI/412650362816/UPI/goog-payment@ok/Axis Bank Ltd./AXIb2af43c48d344e94bd3e3620,0,6,175017
113,05-05-2024,06-05-2024,-,UPI/449275899114/UPI/kamalrajan1990-/Kotak Mahindra /AXI229848170bcf407a9125f7a,3500,0,171517
114,06-05-2024,06-05-2024,-,UPI/412771688202/UPI/nandhakumarnand/ICICI Bank/AXIe3e593c364ce41c09f04d29e5ac0,100,0,171417
Legends Used in Account Statement,,,,,,,
1. BBPS - Bharat Bill Payment Service,,,,,,,
2. BCTT - Banking Cash Transaction Tax,,,,,,,
3. BIL - Internet Bill payment or funds transfer to Third party,,,,,,,
4. BPAY - Bill payment,,,,,,,
5. CCWD - Cardless Cash Withdrawal,,,,,,,
6. DTAX - Direct Tax,,,,,,,
7. EBA - Transaction on ICICI Direct,,,,,,,
8. IDTX - Indirect Tax,,,,,,,
9. IMPS - Immediate Payment Service,,,,,,,
10. INF - Internet fund transfer in linked accounts,,,,,,,
11. INFT - Internal Fund Transfer (Within ICICI Bank),,,,,,,
12. LCCBRN CMS - Local cheque collection,,,,,,,
13. LNPY - Linked loan payment,,,,,,,
14. MMT - Mobile Money Transfer (Insta FT - IMPS),,,,,,,
15. N chg - NEFT Charges,,,,,,,
16. NEFT - National Electronics Funds Transfer System (Other Bank Fund transfer),,,,,,,
17. ONL - Online Shopping transaction (Payment done on third party website),,,,,,,
18. PAC - Personal Accident cover,,,,,,,
19. PAVC - Pay any Visa credit card,,,,,,,
20. PAYC - Pay to Contact,,,,,,,
21. RCHG - Recharge,,,,,,,
"22. SGB	- Sovereign gold bond",,,,,,,
23. SMO - Smart Money order,,,,,,,
24. T Chg - Travel Charges,,,,,,,
25. TOP - Mobile recharge,,,,,,,
26. UCCBRN CMS - Upcountry cheque collection,,,,,,,
27. VAT / MAT / NFS - Cash withdrawal at other bank ATM,,,,,,,
28. VPS / IPS - Debit card transaction,,,,,,,
